0 0 102.85715 65.11628 16.862745
1 0 163.04347 28.04878 64.31373
2 0 145.0 11.009174 85.4902
3 0 150.81082 18.97436 76.47059
4 0 107.99999 56.81818 17.254902
5 0 118.46154 19.02439 80.39216
6 0 124.99999 55.813957 16.862745
7 0 129.0 20.72539 75.68628
8 0 112.25807 59.615387 20.392157
9 0 129.6 44.642857 21.960785
10 0 95.99999 64.51613 12.156863
11 0 107.99999 60.975613 16.078432
0 1 101.25 53.333336 11.764706
1 1 115.384605 49.056606 20.784313
2 1 145.0 11.16279 84.31373
3 1 129.0 20.100502 78.039215
4 1 60.0 30.769232 10.196078
5 1 184.61537 36.11111 28.235296
6 1 180.0 25.531916 18.431374
7 1 182.85713 28.767124 28.627453
8 1 173.6842 25.333332 29.411766
9 1 116.785706 44.444447 49.411766
10 1 98.82353 65.38461 10.196078
11 1 104.210526 66.66667 22.352942
0 2 76.36363 55.0 7.8431377
1 2 156.66667 47.368423 29.803923
2 2 123.99999 14.285715 82.35294
3 2 92.5 22.018349 85.4902
4 2 25.714285 33.333336 8.235294
5 2 177.6923 22.222223 45.882355
6 2 180.0 17.073172 32.156864
7 2 84.00001 8.333334 23.529411
8 2 171.81818 24.7191 34.901962
9 2 127.99999 50.5618 34.901962
10 2 123.82979 51.648354 35.686275
11 2 156.66667 43.90244 32.156864
0 3 91.76471 62.96296 10.588236
1 3 170.9434 36.30137 57.254906
2 3 102.85715 60.000004 13.725491
3 3 39.999996 13.043478 9.0196085
4 3 60.0 6.779661 46.27451
5 3 17.500002 11.881188 79.21569
6 3 14.400001 12.437811 78.82353
7 3 19.999998 17.837837 72.54902
8 3 147.69229 12.380953 41.17647
9 3 48.000004 35.714287 5.490196
10 3 128.27586 33.526012 67.84314
11 3 162.10526 40.140846 55.686275
0 4 117.39131 51.111115 17.647058
1 4 148.36363 43.650795 49.411766
2 4 133.17073 49.39759 32.54902
3 4 132.0 11.627908 16.862745
4 4 39.999996 12.765958 55.29412
5 4 8.333334 19.251337 73.333336
6 4 15.4838705 16.062176 75.68628
7 4 17.368423 20.879122 71.37255
8 4 37.5 8.080808 38.82353
9 4 85.71429 21.212122 12.941177
10 4 105.28301 25.980392 80.
11 4 139.99998 29.834255 70.98039
0 5 111.81819 51.162792 16.862745
1 5 143.26532 28.654972 67.05882
2 5 148.63637 45.360825 38.039215
3 5 189.99998 17.391304 27.058825
4 5 41.538464 8.441559 60.39216
5 5 190.58824 15.178572 43.92157
6 5 26.25 16.0 78.43137
7 5 180.0 14.285715 49.411766
8 5 21.428572 15.053764 36.47059
9 5 180.0 18.461538 25.490198
10 5 106.53062 60.493828 31.764708
11 5 127.5 57.14286 27.450981
0 6 105.882355 58.62069 11.372549
1 6 127.82609 51.111115 17.647058
2 6 100.298515 71.276596 36.862747
3 6 116.666664 60.000004 11.764706
4 6 79.99999 6.569343 53.725494
5 6 12.3529415 17.258883 77.254906
6 6 2.8571427 10.39604 79.21569
7 6 12.3529415 17.801048 74.90196
8 6 21.428572 20.588236 53.333336
9 6 105.76272 71.084335 32.54902
10 6 136.0 56.25 31.372551
11 6 97.67442 82.69231 20.392157
0 7 109.411766 50.0 13.333334
1 7 109.28571 65.11628 16.862745
2 7 127.5 46.28099 47.45098
3 7 198.94736 53.900707 55.29412
4 7 68.57143 10.144927 54.11765
5 7 120.0 4.268293 64.31373
6 7 30.0 18.018017 43.52941
7 7 15.4838705 23.846153 50.980396
8 7 17.333332 42.45283 41.568626
9 7 51.0 12.42236 63.137257
10 7 198.94736 51.35135 58.03922
11 7 88.42106 70.37037 10.588236
0 8 76.36363 39.285713 10.980392
1 8 187.65959 23.61809 78.039215
2 8 187.05882 24.637682 81.17647
3 8 192.53731 35.449734 74.117645
4 8 191.99998 31.746033 74.117645
5 8 34.73684 11.515152 64.70589
6 8 14.400001 15.432098 63.529415
7 8 26.4 19.53125 50.196083
8 8 52.941177 9.714286 68.62746
9 8 41.739132 13.142857 68.62746
10 8 90.0 9.448819 49.80392
11 8 104.44444 77.14286 13.725491
0 9 187.65959 23.5 78.43137
1 9 187.65959 23.979591 76.86275
2 9 190.38463 25.24272 80.78432
3 9 190.18867 26.237625 79.21569
4 9 187.5 28.282827 77.64706
5 9 45.0 8.888889 52.941177
6 9 35.294117 11.643836 57.254906
7 9 39.23077 13.402061 76.07843
8 9 52.941177 9.189189 72.54902
9 9 28.421051 14.615385 50.980396
10 9 34.73684 15.966387 46.666668
11 9 193.97261 47.402596 60.39216
0 10 190.18867 27.17949 76.47059
1 10 189.99998 23.762377 79.21569
2 10 188.4 26.31579 74.5098
3 10 190.52629 28.07882 79.60784
4 10 187.05882 25.123152 79.60784
5 10 203.70369 46.285717 68.62746
6 10 181.33331 22.613066 78.039215
7 10 180.0 20.833332 75.29412
8 10 200.40001 60.975613 32.156864
9 10 201.81818 57.391304 45.098038
10 10 194.0625 41.55844 60.39216
11 10 195.58443 50.0 60.39216
0 11 187.05882 27.71739 72.15687
1 11 187.34694 24.623116 78.039215
2 11 190.34483 29.743591 76.47059
3 11 190.34483 30.851063 73.725494
4 11 184.61537 26.943005 75.68628
5 11 189.15256 31.382978 73.725494
6 11 187.65959 23.15271 79.60784
7 11 196.27118 29.499998 78.43137
8 11 199.43661 56.349205 49.411766
9 11 205.58826 61.818184 43.137257
10 11 25.714285 77.77778 3.529412
11 11 195.58443 49.67742 60.784317